# unix_time, cycles_done, cur_path, paths_total, pending_total, pending_favs, map_size, unique_crashes, unique_hangs, max_depth, execs_per_sec
1611570204, 0, 0, 1, 1, 1, 0.22%, 0, 0, 1, 2.25
1611570224, 0, 0, 1, 1, 1, 0.22%, 1, 0, 1, 25.01
1611570234, 2, 0, 1, 0, 0, 0.22%, 1, 0, 1, 25.05
1611570239, 5, 0, 1, 0, 0, 0.22%, 1, 0, 1, 25.04
1611570245, 7, 0, 1, 0, 0, 0.22%, 1, 0, 1, 25.12
1611570250, 10, 0, 1, 0, 0, 0.22%, 1, 0, 1, 25.02
1611570255, 12, 0, 1, 0, 0, 0.22%, 1, 0, 1, 25.10
1611570260, 15, 0, 1, 0, 0, 0.22%, 1, 0, 1, 25.18
1611570265, 17, 0, 1, 0, 0, 0.22%, 1, 0, 1, 25.21
1611570270, 20, 0, 1, 0, 0, 0.22%, 1, 0, 1, 25.12
1611570275, 22, 0, 1, 0, 0, 0.22%, 1, 0, 1, 25.04
